0	0.002814
1	0.000000
2	0.000000
3	0.009651
4	0.000000
5	0.000000
6	0.000000
7	0.000000
8	0.000000
9	0.000000
10	0.000000
11	0.031663
12	0.000000
13	0.000000
14	0.000000
15	0.000000
16	0.000000
17	0.000000
18	0.000000
19	0.000000
20	0.000000
21	0.000000
22	0.000000
23	0.046358
24	0.000000
25	0.000000
26	0.000000
27	0.000000
28	0.000000
29	0.000000
30	0.000000
31	0.000000
32	0.000000
33	0.000000
34	0.000000
35	0.000000
36	0.000000
37	0.055582
38	0.000000
39	0.000000
40	0.000000
41	0.000000
42	0.000000
43	0.000000
44	0.000000
45	0.000000
46	0.000000
47	0.000000
48	0.000000
49	0.048676
50	0.000000
51	0.000000
52	0.000000
53	0.000000
54	0.000000
55	0.000000
56	0.000000
57	0.000000
58	0.000000
59	0.000000
60	0.041973
61	0.000000
62	0.000000
63	0.000000
64	0.000000
65	0.000000
66	0.000000
67	0.000000
68	0.033673
69	0.000000
70	0.000000
71	0.000000
72	0.000000
73	0.000000
74	0.000000
75	0.026585
76	0.000000
77	0.000000
78	0.000000
79	0.000000
80	0.000000
81	0.022850
82	0.000000
83	0.000000
84	0.000000
85	0.000000
86	0.019454
87	0.000000
88	0.000000
89	0.000000
90	0.016303
91	0.000000
92	0.000000
93	0.000000
94	0.013906
95	0.000000
96	0.000000
97	0.011696
98	0.000000
99	0.009986
100	0.000000
101	0.008638
102	0.000000
103	0.007344
104	0.000000
105	0.006459
106	0.005558
107	0.000000
108	0.004890
109	0.004366
110	0.003895
111	0.006767
112	0.003077
113	0.002896
114	0.005568
115	0.002673
116	0.005274
117	0.002661
118	0.002796
119	0.006183
120	0.003595
121	0.003953
122	0.004157
123	0.004187
124	0.000000
125	0.004137
126	0.004120
127	0.004107
128	0.004233
129	0.004384
130	0.004755
131	0.004834
132	0.000000
133	0.005101
134	0.005190
135	0.005212
136	0.000000
137	0.005086
138	0.005027
139	0.005077
140	0.004867
141	0.000000
142	0.004696
143	0.004519
144	0.004393
145	0.004382
146	0.004357
147	0.004320
148	0.004562
149	0.004652
150	0.000000
151	0.004722
152	0.004787
153	0.004999
154	0.004914
155	0.000000
156	0.004913
157	0.004959
158	0.004897
159	0.004809
160	0.000000
161	0.004579
162	0.003975
163	0.007158
164	0.003349
165	0.003266
166	0.003268
167	0.003154
168	0.006546
169	0.003020
170	0.003050
171	0.003032
172	0.006322
173	0.003333
174	0.003589
175	0.003727
176	0.003834
177	0.003897
178	0.003920
179	0.003880
180	0.003844
181	0.003822
182	0.003816
183	0.003706
184	0.003708
185	0.003627
186	0.003610
187	0.003780
188	0.004022
189	0.004094
190	0.004095
191	0.004195
192	0.004129
193	0.003882
194	0.003427
195	0.005711
196	0.004918
197	0.002205
198	0.004080
199	0.005429
200	0.003177
201	0.003985
202	0.003805
203	0.003819
204	0.003844
205	0.003861
206	0.005141
207	0.002705
208	0.004121
209	0.004729
210	0.003288
211	0.003854
212	0.004283
213	0.004474
214	0.002112
215	0.005737
216	0.003233
217	0.004480
218	0.002864
219	0.004100
220	0.004715
221	0.003412
222	0.004171
223	0.003916
224	0.004252
225	0.003532
226	0.003856
227	0.004235
228	0.004212
229	0.002795
230	0.004217
231	0.004690
232	0.003384
233	0.003633
234	0.003814
235	0.003739
236	0.003928
237	0.004280
238	0.004698
239	0.002610
240	0.002900
241	0.003273
242	0.006819
243	0.003770
244	0.003851
245	0.004204
246	0.000000
247	0.004137
248	0.007290
249	0.003468
250	0.003101
251	0.003108
252	0.005546
253	0.004412
254	0.004305
255	0.000000
