0	0.000005
1	0.000037
2	0.000128
3	0.000502
4	0.002143
5	0.009651
6	0.031663
7	0.046358
8	0.055582
9	0.048676
10	0.041973
11	0.033673
12	0.026585
13	0.022850
14	0.019454
15	0.016303
16	0.013906
17	0.011696
18	0.009986
19	0.008638
20	0.007344
21	0.006459
22	0.005558
23	0.004890
24	0.004366
25	0.003895
26	0.003522
27	0.003245
28	0.003077
29	0.002896
30	0.002817
31	0.002751
32	0.002673
33	0.002639
34	0.002635
35	0.002661
36	0.002796
37	0.002978
38	0.003205
39	0.003595
40	0.003953
41	0.004157
42	0.004187
43	0.004137
44	0.004120
45	0.004107
46	0.004233
47	0.004384
48	0.004755
49	0.004834
50	0.005101
51	0.005190
52	0.005212
53	0.005086
54	0.005027
55	0.005077
56	0.004867
57	0.004696
58	0.004519
59	0.004393
60	0.004382
61	0.004357
62	0.004320
63	0.004562
64	0.004652
65	0.004722
66	0.004787
67	0.004999
68	0.004914
69	0.004913
70	0.004959
71	0.004897
72	0.004809
73	0.004579
74	0.003975
75	0.003685
76	0.003473
77	0.003349
78	0.003266
79	0.003268
80	0.003154
81	0.003263
82	0.003283
83	0.003020
84	0.003050
85	0.003032
86	0.003167
87	0.003155
88	0.003333
89	0.003589
90	0.003727
91	0.003834
92	0.003897
93	0.003920
94	0.003880
95	0.003844
96	0.003822
97	0.003816
98	0.003706
99	0.003708
100	0.003627
101	0.003610
102	0.003780
103	0.004022
104	0.004094
105	0.004095
106	0.004195
107	0.004129
108	0.003882
109	0.003427
110	0.002951
111	0.002760
112	0.002559
113	0.002359
114	0.002205
115	0.002120
116	0.001959
117	0.001865
118	0.001803
119	0.001761
120	0.001633
121	0.001544
122	0.001427
123	0.001331
124	0.001227
125	0.001282
126	0.001229
127	0.001295
128	0.001328
129	0.001256
130	0.001235
131	0.001251
132	0.001299
133	0.001293
134	0.001241
135	0.001303
136	0.001316
137	0.001256
138	0.001317
139	0.001290
140	0.001278
141	0.001361
142	0.001344
143	0.001369
144	0.001331
145	0.001422
146	0.001495
147	0.001623
148	0.001611
149	0.001594
150	0.001695
151	0.001880
152	0.001974
153	0.002041
154	0.002242
155	0.002236
156	0.002238
157	0.002112
158	0.002044
159	0.001884
160	0.001809
161	0.001641
162	0.001593
163	0.001499
164	0.001498
165	0.001482
166	0.001447
167	0.001417
168	0.001410
169	0.001399
170	0.001291
171	0.001232
172	0.001164
173	0.001159
174	0.001160
175	0.001144
176	0.001163
177	0.001106
178	0.001048
179	0.001066
180	0.001063
181	0.000995
182	0.000946
183	0.000969
184	0.000944
185	0.001057
186	0.001018
187	0.001063
188	0.001091
189	0.001081
190	0.001130
191	0.001173
192	0.001229
193	0.001229
194	0.001322
195	0.001306
196	0.001374
197	0.001400
198	0.001461
199	0.001393
200	0.001394
201	0.001425
202	0.001354
203	0.001440
204	0.001338
205	0.001381
206	0.001498
207	0.001516
208	0.001522
209	0.001651
210	0.001671
211	0.001712
212	0.001751
213	0.001882
214	0.001842
215	0.001971
216	0.001903
217	0.001837
218	0.001922
219	0.002005
220	0.002141
221	0.002139
222	0.002246
223	0.002452
224	0.002610
225	0.002900
226	0.003273
227	0.003339
228	0.003480
229	0.003770
230	0.003851
231	0.004204
232	0.004137
233	0.003791
234	0.003499
235	0.003468
236	0.003101
237	0.003108
238	0.002828
239	0.002718
240	0.002410
241	0.002001
242	0.001386
243	0.001035
244	0.000657
245	0.000473
246	0.000310
247	0.000210
248	0.000114
249	0.000084
250	0.000025
251	0.000009
252	0.000001
253	0.000001
254	0.000000
255	0.000000
