0	0.000000
1	0.000000
2	0.000000
3	0.000000
4	0.000000
5	0.000000
6	0.000000
7	0.000000
8	0.000000
9	0.000000
10	0.000000
11	0.000000
12	0.000000
13	0.000000
14	0.000000
15	0.000000
16	0.000000
17	0.000000
18	0.000000
19	0.000000
20	0.000000
21	0.000000
22	0.000000
23	0.000000
24	0.000000
25	0.000000
26	0.000000
27	0.000000
28	0.000000
29	0.000000
30	0.000000
31	0.000000
32	0.000000
33	0.000000
34	0.000000
35	0.000000
36	0.000000
37	0.000000
38	0.000000
39	0.000000
40	0.000000
41	0.000000
42	0.000000
43	0.000000
44	0.000000
45	0.000000
46	0.000000
47	0.000000
48	0.000000
49	0.000000
50	0.000000
51	0.000000
52	0.000000
53	0.000000
54	0.000000
55	0.000000
56	0.000000
57	0.000000
58	0.000000
59	0.000000
60	0.000000
61	0.000000
62	0.000000
63	0.000000
64	0.000000
65	0.000000
66	0.000000
67	0.000000
68	0.000000
69	0.000000
70	0.000000
71	0.000000
72	0.000000
73	0.000000
74	0.000000
75	0.000000
76	0.000000
77	0.000000
78	0.000000
79	0.000000
80	0.000000
81	0.321368
82	0.000000
83	0.006076
84	0.005444
85	0.003365
86	0.002355
87	0.006484
88	0.000000
89	0.004817
90	0.005135
91	0.003894
92	0.004889
93	0.003786
94	0.000000
95	0.005214
96	0.004971
97	0.003374
98	0.004159
99	0.002947
100	0.004318
101	0.007130
102	0.004073
103	0.003005
104	0.004252
105	0.000000
106	0.008078
107	0.000000
108	0.004804
109	0.003516
110	0.005292
111	0.005386
112	0.003712
113	0.000000
114	0.009044
115	0.000000
116	0.005815
117	0.005904
118	0.003664
119	0.000000
120	0.005638
121	0.003730
122	0.005481
123	0.000000
124	0.008518
125	0.004181
126	0.002437
127	0.003166
128	0.005800
129	0.004144
130	0.004359
131	0.003373
132	0.003852
133	0.003241
134	0.003796
135	0.004082
136	0.004741
137	0.003639
138	0.004559
139	0.002822
140	0.004355
141	0.003829
142	0.004518
143	0.003824
144	0.003551
145	0.004359
146	0.003327
147	0.004548
148	0.003876
149	0.004163
150	0.003502
151	0.003671
152	0.004600
153	0.002988
154	0.003769
155	0.004724
156	0.002477
157	0.002718
158	0.006886
159	0.003782
160	0.000000
161	0.004196
162	0.004396
163	0.004286
164	0.004029
165	0.003957
166	0.003573
167	0.006631
168	0.003206
169	0.003092
170	0.003165
171	0.006420
172	0.003173
173	0.003238
174	0.003167
175	0.005520
176	0.002627
177	0.005187
178	0.002539
179	0.005121
180	0.004827
181	0.002424
182	0.004279
183	0.004283
184	0.004604
185	0.002334
186	0.004763
187	0.004880
188	0.002544
189	0.004903
190	0.002543
191	0.005228
192	0.002743
193	0.005386
194	0.002861
195	0.002667
196	0.005090
197	0.005046
198	0.002369
199	0.005329
200	0.002840
201	0.002741
202	0.006423
203	0.003548
204	0.003698
205	0.003720
206	0.003889
207	0.004111
208	0.004420
209	0.000000
210	0.004982
211	0.004911
212	0.005210
213	0.000000
214	0.005741
215	0.006253
216	0.000000
217	0.006831
218	0.000000
219	0.007808
220	0.000000
221	0.008086
222	0.000000
223	0.008612
224	0.000000
225	0.000000
226	0.009286
227	0.000000
228	0.009973
229	0.000000
230	0.000000
231	0.010914
232	0.000000
233	0.000000
234	0.010716
235	0.000000
236	0.009773
237	0.000000
238	0.008827
239	0.000000
240	0.000000
241	0.008731
242	0.000000
243	0.007859
244	0.000000
245	0.007869
246	0.000000
247	0.007276
248	0.007110
249	0.000000
250	0.006335
251	0.005410
252	0.003698
253	0.002851
254	0.005624
255	0.000002
